SDIF

SITC
{
BufferSize	32686;
NumberOfChannels	1;
EndTime	5.;
SdifTypesVersion	1.00.alpha;
ChantLibraryVersion	1.00.alpha;
Author	CHANT;
SamplingRate	44100.;
ChantMaxNbSubObjs	5;
}

STYP
{
  Mtrx	EHIT	{mode, hit}
  Fram	1FOB
	{
	  EHIT	modehit;
	}
}

SSIC
{
  0	Chant:Patch0/1/FOB/1/5/0./5.;
  1	Chant:Patch0/1/FOB/1/5/0.6/5.;
}

SDFC

1FOB	4	0	0
  1FQ0	32	1	1
	110
  1FOF	32	5	7
	75	80	4	0.018	0.8	0.012	0
	135	53.9	5	0.014	0.8	0.01	0
	350	18	9	0.01	0.8	0.008	0
	720	19	11	0.006	0.8	0.006	0
	1270	6.1	22	0.002	0.8	0.004	0
  1CHA	32	5	1
	1
	1
	1
	1
	1
  EHIT	32	1	2
	1	1

1FOB	4	0	0.3
  1FQ0	32	1	1
	110
  1FOF	32	5	7
	75	80	4	0.018	0.8	0.012	0
	135	53.9	5	0.014	0.8	0.01	0
	350	18	9	0.01	0.8	0.008	0
	720	19	11	0.006	0.8	0.006	0
	1270	6.1	22	0.002	0.8	0.004	0
  1CHA	32	5	1
	1
	1
	1
	1
	1
  EHIT	32	1	2
	1	1

1FOB	4	1	0.6
  1FQ0	32	1	1
	110
  1FOF	32	5	7
	409	80	5	0.002	0.8	0.004	0
	900	53.9	6	0.002	0.8	0.004	0
	1450	18	7.5	0.002	0.8	0.004	0
	2700	19	9	0.002	0.8	0.004	0
	3200	6.1	13.5	0.002	0.8	0.004	0
  1CHA	32	5	1
	1
	1
	1
	1
	1
  EHIT	32	1	2
	1	1

1FOB	4	0	1.1
  1FQ0	32	1	1
	110
  1FOF	32	5	7
	75	80	4	0.018	0.8	0.012	0
	135	53.9	5	0.014	0.8	0.01	0
	350	18	9	0.01	0.8	0.008	0
	720	19	11	0.006	0.8	0.006	0
	1270	6.1	22	0.002	0.8	0.004	0
  1CHA	32	5	1
	1
	1
	1
	1
	1
  EHIT	32	1	2
	1	1

1FOB	4	0	1.2
  1FQ0	32	1	1
	110
  1FOF	32	5	7
	75	80	4	0.018	0.8	0.012	0
	135	53.9	5	0.014	0.8	0.01	0
	350	18	9	0.01	0.8	0.008	0
	720	19	11	0.006	0.8	0.006	0
	1270	6.1	22	0.002	0.8	0.004	0
  1CHA	32	5	1
	1
	1
	1
	1
	1
  EHIT	32	1	2
	1	1

1FOB	4	0	1.5
  1FQ0	32	1	1
	110
  1FOF	32	5	7
	75	80	4	0.018	0.8	0.012	0
	135	53.9	5	0.014	0.8	0.01	0
	350	18	9	0.01	0.8	0.008	0
	720	19	11	0.006	0.8	0.006	0
	1270	6.1	22	0.002	0.8	0.004	0
  1CHA	32	5	1
	1
	1
	1
	1
	1
  EHIT	32	1	2
	1	1

1FOB	4	1	1.8
  1FQ0	32	1	1
	110
  1FOF	32	5	7
	1000	80	5	0.002	0.8	0.004	0
	2000	53.9	6	0.002	0.8	0.004	0
	3000	18	7.5	0.002	0.8	0.004	0
	4000	19	9	0.002	0.8	0.004	0
	5000	6.1	13.5	0.002	0.8	0.004	0
  1CHA	32	5	1
	1
	1
	1
	1
	1
  EHIT	32	1	2
	1	1

1FOB	4	0	2.3
  1FQ0	32	1	1
	110
  1FOF	32	5	7
	75	80	4	0.018	0.8	0.012	0
	135	53.9	5	0.014	0.8	0.01	0
	350	18	9	0.01	0.8	0.008	0
	720	19	11	0.006	0.8	0.006	0
	1270	6.1	22	0.002	0.8	0.004	0
  1CHA	32	5	1
	1
	1
	1
	1
	1
  EHIT	32	1	2
	1	1

1FOB	4	0	2.4
  1FQ0	32	1	1
	110
  1FOF	32	5	7
	75	80	4	0.018	0.8	0.012	0
	135	53.9	5	0.014	0.8	0.01	0
	350	18	9	0.01	0.8	0.008	0
	720	19	11	0.006	0.8	0.006	0
	1270	6.1	22	0.002	0.8	0.004	0
  1CHA	32	5	1
	1
	1
	1
	1
	1
  EHIT	32	1	2
	1	1

1FOB	4	0	2.7
  1FQ0	32	1	1
	110
  1FOF	32	5	7
	75	80	4	0.018	0.8	0.012	0
	135	53.9	5	0.014	0.8	0.01	0
	350	18	9	0.01	0.8	0.008	0
	720	19	11	0.006	0.8	0.006	0
	1270	6.1	22	0.002	0.8	0.004	0
  1CHA	32	5	1
	1
	1
	1
	1
	1
  EHIT	32	1	2
	1	1

1FOB	4	1	3
  1FQ0	32	1	1
	110
  1FOF	32	5	7
	409	80	5	0.002	0.8	0.004	0
	900	53.9	6	0.002	0.8	0.004	0
	1450	18	7.5	0.002	0.8	0.004	0
	2700	19	9	0.002	0.8	0.004	0
	3200	6.1	13.5	0.002	0.8	0.004	0
  1CHA	32	5	1
	1
	1
	1
	1
	1
  EHIT	32	1	2
	1	1

1FOB	4	0	3.5
  1FQ0	32	1	1
	110
  1FOF	32	5	7
	75	80	4	0.018	0.8	0.012	0
	135	53.9	5	0.014	0.8	0.01	0
	350	18	9	0.01	0.8	0.008	0
	720	19	11	0.006	0.8	0.006	0
	1270	6.1	22	0.002	0.8	0.004	0
  1CHA	32	5	1
	1
	1
	1
	1
	1
  EHIT	32	1	2
	1	1

1FOB	4	0	3.6
  1FQ0	32	1	1
	110
  1FOF	32	5	7
	75	80	4	0.018	0.8	0.012	0
	135	53.9	5	0.014	0.8	0.01	0
	350	18	9	0.01	0.8	0.008	0
	720	19	11	0.006	0.8	0.006	0
	1270	6.1	22	0.002	0.8	0.004	0
  1CHA	32	5	1
	1
	1
	1
	1
	1
  EHIT	32	1	2
	1	1

1FOB	4	0	3.9
  1FQ0	32	1	1
	110
  1FOF	32	5	7
	75	80	4	0.018	0.8	0.012	0
	135	53.9	5	0.014	0.8	0.01	0
	350	18	9	0.01	0.8	0.008	0
	720	19	11	0.006	0.8	0.006	0
	1270	6.1	22	0.002	0.8	0.004	0
  1CHA	32	5	1
	1
	1
	1
	1
	1
  EHIT	32	1	2
	1	1

1FOB	4	1	4.2
  1FQ0	32	1	1
	110
  1FOF	32	5	7
	409	80	5	0.002	0.8	0.004	0
	900	53.9	6	0.002	0.8	0.004	0
	1450	18	7.5	0.002	0.8	0.004	0
	2700	19	9	0.002	0.8	0.004	0
	3200	6.1	13.5	0.002	0.8	0.004	0
  1CHA	32	5	1
	1
	1
	1
	1
	1
  EHIT	32	1	2
	1	1

1FOB	4	0	4.4
  1FQ0	32	1	1
	110
  1FOF	32	5	7
	75	80	4	0.018	0.8	0.012	0
	135	53.9	5	0.014	0.8	0.01	0
	350	18	9	0.01	0.8	0.008	0
	720	19	11	0.006	0.8	0.006	0
	1270	6.1	22	0.002	0.8	0.004	0
  1CHA	32	5	1
	1
	1
	1
	1
	1
  EHIT	32	1	2
	1	1

1FOB	4	0	4.5
  1FQ0	32	1	1
	110
  1FOF	32	5	7
	75	80	4	0.018	0.8	0.012	0
	135	53.9	5	0.014	0.8	0.01	0
	350	18	9	0.01	0.8	0.008	0
	720	19	11	0.006	0.8	0.006	0
	1270	6.1	22	0.002	0.8	0.004	0
  1CHA	32	5	1
	1
	1
	1
	1
	1
  EHIT	32	1	2
	1	1

ENDC

ENDF

