SDIF

SITC
{
BufferSize	512;
NumberOfChannels	1;
EndTime	2.567;
SdifTypesVersion	1.00.ppc;
ChantLibraryVersion	1.00.ppc;
Author	DIPHONE;
SamplingRate	44100.000;
ChantMaxNbSubObjs	16;
}

SSIC
{
  0	Chant:Patch0/1/FOB/1/1/0.000000/2.566671;
}

SDFC

1FOB	3	0	0
  1FQ0	32	1	1
	110
  1FOF	32	1	7
	300	1	10	0.002	0.05	0.004	0
  1CHA	32	1	1
	1

1FOB	3	0	0.01
  1FQ0	32	1	1
	110
  1FOF	32	1	7
	300	1	10	0.002	0.05	0.004	0
  1CHA	32	1	1
	1

1FOB	3	0	0.02
  1FQ0	32	1	1
	110
  1FOF	32	1	7
	300	1	10	0.002	0.05	0.004	0
  1CHA	32	1	1
	1

1FOB	3	0	0.03
  1FQ0	32	1	1
	110
  1FOF	32	1	7
	300	1	10	0.002	0.05	0.004	0
  1CHA	32	1	1
	1

1FOB	3	0	0.04
  1FQ0	32	1	1
	110
  1FOF	32	1	7
	300	1	10	0.002	0.05	0.004	0
  1CHA	32	1	1
	1

1FOB	3	0	0.05
  1FQ0	32	1	1
	110
  1FOF	32	1	7
	300	1	10	0.002	0.05	0.004	0
  1CHA	32	1	1
	1

1FOB	3	0	0.06
  1FQ0	32	1	1
	110
  1FOF	32	1	7
	300	1	10	0.002	0.05	0.004	0
  1CHA	32	1	1
	1

1FOB	3	0	0.07
  1FQ0	32	1	1
	110
  1FOF	32	1	7
	300	1	10	0.002	0.05	0.004	0
  1CHA	32	1	1
	1

1FOB	3	0	0.08
  1FQ0	32	1	1
	110
  1FOF	32	1	7
	300	1	10	0.002	0.05	0.004	0
  1CHA	32	1	1
	1

1FOB	3	0	0.0900458
  1FQ0	32	1	1
	110
  1FOF	32	1	7
	300	1	10	0.002	0.05	0.004	0
  1CHA	32	1	1
	1

1FOB	3	0	0.1
  1FQ0	32	1	1
	110
  1FOF	32	1	7
	300	1	10	0.002	0.05	0.004	0
  1CHA	32	1	1
	1

1FOB	3	0	0.11
  1FQ0	32	1	1
	110
  1FOF	32	1	7
	300	1	10	0.002	0.05	0.004	0
  1CHA	32	1	1
	1

1FOB	3	0	0.12
  1FQ0	32	1	1
	110
  1FOF	32	1	7
	300	1	10	0.002	0.05	0.004	0
  1CHA	32	1	1
	1

1FOB	3	0	0.13
  1FQ0	32	1	1
	110
  1FOF	32	1	7
	300	1	10	0.002	0.05	0.004	0
  1CHA	32	1	1
	1

1FOB	3	0	0.14
  1FQ0	32	1	1
	110
  1FOF	32	1	7
	300	1	10	0.002	0.05	0.004	0
  1CHA	32	1	1
	1

1FOB	3	0	0.15
  1FQ0	32	1	1
	110
  1FOF	32	1	7
	300	1	10	0.002	0.05	0.004	0
  1CHA	32	1	1
	1

1FOB	3	0	0.16
  1FQ0	32	1	1
	110
  1FOF	32	1	7
	300	1	10	0.002	0.05	0.004	0
  1CHA	32	1	1
	1

1FOB	3	0	0.17
  1FQ0	32	1	1
	110
  1FOF	32	1	7
	300	1	10	0.002	0.05	0.004	0
  1CHA	32	1	1
	1

1FOB	3	0	0.180092
  1FQ0	32	1	1
	110
  1FOF	32	1	7
	300	1	10	0.002	0.05	0.004	0
  1CHA	32	1	1
	1

1FOB	3	0	0.19
  1FQ0	32	1	1
	110
  1FOF	32	1	7
	300	1	10	0.002	0.05	0.004	0
  1CHA	32	1	1
	1

1FOB	3	0	0.2
  1FQ0	32	1	1
	110
  1FOF	32	1	7
	300	1	10	0.002	0.05	0.004	0
  1CHA	32	1	1
	1

1FOB	3	0	0.21
  1FQ0	32	1	1
	110
  1FOF	32	1	7
	300	1	10	0.002	0.05	0.004	0
  1CHA	32	1	1
	1

1FOB	3	0	0.22
  1FQ0	32	1	1
	110
  1FOF	32	1	7
	300	1	10	0.002	0.05	0.004	0
  1CHA	32	1	1
	1

1FOB	3	0	0.23
  1FQ0	32	1	1
	110
  1FOF	32	1	7
	300	1	10	0.002	0.05	0.004	0
  1CHA	32	1	1
	1

1FOB	3	0	0.24
  1FQ0	32	1	1
	110
  1FOF	32	1	7
	300	1	10	0.002	0.05	0.004	0
  1CHA	32	1	1
	1

1FOB	3	0	0.25
  1FQ0	32	1	1
	110
  1FOF	32	1	7
	300	1	10	0.002	0.05	0.004	0
  1CHA	32	1	1
	1

1FOB	3	0	0.26
  1FQ0	32	1	1
	110
  1FOF	32	1	7
	300	1	10	0.002	0.05	0.004	0
  1CHA	32	1	1
	1

1FOB	3	0	0.27
  1FQ0	32	1	1
	110
  1FOF	32	1	7
	300	1	10	0.002	0.05	0.004	0
  1CHA	32	1	1
	1

1FOB	3	0	0.28
  1FQ0	32	1	1
	110
  1FOF	32	1	7
	300	1	10	0.002	0.05	0.004	0
  1CHA	32	1	1
	1

1FOB	3	0	0.29
  1FQ0	32	1	1
	110
  1FOF	32	1	7
	300	1	10	0.002	0.05	0.004	0
  1CHA	32	1	1
	1

1FOB	3	0	0.3
  1FQ0	32	1	1
	110
  1FOF	32	1	7
	300	1	10	0.002	0.05	0.004	0
  1CHA	32	1	1
	1

1FOB	3	0	0.310001
  1FQ0	32	1	1
	110
  1FOF	32	1	7
	300	1	10	0.002	0.05	0.004	0
  1CHA	32	1	1
	1

1FOB	3	0	0.32
  1FQ0	32	1	1
	110
  1FOF	32	1	7
	300	1	10	0.002	0.05	0.004	0
  1CHA	32	1	1
	1

1FOB	3	0	0.33
  1FQ0	32	1	1
	110
  1FOF	32	1	7
	300	1	10	0.002	0.05	0.004	0
  1CHA	32	1	1
	1

1FOB	3	0	0.34
  1FQ0	32	1	1
	110
  1FOF	32	1	7
	300	1	10	0.002	0.05	0.004	0
  1CHA	32	1	1
	1

1FOB	3	0	0.35
  1FQ0	32	1	1
	110
  1FOF	32	1	7
	300	1	10	0.002	0.05	0.004	0
  1CHA	32	1	1
	1

1FOB	3	0	0.360183
  1FQ0	32	1	1
	110
  1FOF	32	1	7
	300	1	10	0.002	0.05	0.004	0
  1CHA	32	1	1
	1

1FOB	3	0	0.37
  1FQ0	32	1	1
	110
  1FOF	32	1	7
	300	1	10	0.002	0.05	0.004	0
  1CHA	32	1	1
	1

1FOB	3	0	0.38
  1FQ0	32	1	1
	110
  1FOF	32	1	7
	300	1	10	0.002	0.05	0.004	0
  1CHA	32	1	1
	1

1FOB	3	0	0.39
  1FQ0	32	1	1
	110
  1FOF	32	1	7
	300	1	10	0.002	0.05	0.004	0
  1CHA	32	1	1
	1

1FOB	3	0	0.4
  1FQ0	32	1	1
	110
  1FOF	32	1	7
	300	1	10	0.002	0.05	0.004	0
  1CHA	32	1	1
	1

1FOB	3	0	0.41
  1FQ0	32	1	1
	110
  1FOF	32	1	7
	300	1	10	0.002	0.05	0.004	0
  1CHA	32	1	1
	1

1FOB	3	0	0.42
  1FQ0	32	1	1
	110
  1FOF	32	1	7
	300	1	10	0.002	0.05	0.004	0
  1CHA	32	1	1
	1

1FOB	3	0	0.43
  1FQ0	32	1	1
	110
  1FOF	32	1	7
	300	1	10	0.002	0.05	0.004	0
  1CHA	32	1	1
	1

1FOB	3	0	0.44
  1FQ0	32	1	1
	110
  1FOF	32	1	7
	300	1	10	0.002	0.05	0.004	0
  1CHA	32	1	1
	1

1FOB	3	0	0.45
  1FQ0	32	1	1
	110
  1FOF	32	1	7
	300	1	10	0.002	0.05	0.004	0
  1CHA	32	1	1
	1

1FOB	3	0	0.46
  1FQ0	32	1	1
	110
  1FOF	32	1	7
	300	1	10	0.002	0.05	0.004	0
  1CHA	32	1	1
	1

1FOB	3	0	0.47
  1FQ0	32	1	1
	110
  1FOF	32	1	7
	300	1	10	0.002	0.05	0.004	0
  1CHA	32	1	1
	1

1FOB	3	0	0.48
  1FQ0	32	1	1
	110
  1FOF	32	1	7
	300	1	10	0.002	0.05	0.004	0
  1CHA	32	1	1
	1

1FOB	3	0	0.49
  1FQ0	32	1	1
	110
  1FOF	32	1	7
	300	1	10	0.002	0.05	0.004	0
  1CHA	32	1	1
	1

1FOB	3	0	0.5
  1FQ0	32	1	1
	110
  1FOF	32	1	7
	300	1	10	0.002	0.05	0.004	0
  1CHA	32	1	1
	1

1FOB	3	0	0.51
  1FQ0	32	1	1
	110
  1FOF	32	1	7
	300	1	10	0.002	0.05	0.004	0
  1CHA	32	1	1
	1

1FOB	3	0	0.52
  1FQ0	32	1	1
	110
  1FOF	32	1	7
	300	1	10	0.002	0.05	0.004	0
  1CHA	32	1	1
	1

1FOB	3	0	0.53
  1FQ0	32	1	1
	110
  1FOF	32	1	7
	300	1	10	0.002	0.05	0.004	0
  1CHA	32	1	1
	1

1FOB	3	0	0.54
  1FQ0	32	1	1
	110
  1FOF	32	1	7
	300	1	10	0.002	0.05	0.004	0
  1CHA	32	1	1
	1

1FOB	3	0	0.55
  1FQ0	32	1	1
	110
  1FOF	32	1	7
	300	1	10	0.002	0.05	0.004	0
  1CHA	32	1	1
	1

1FOB	3	0	0.56
  1FQ0	32	1	1
	110
  1FOF	32	1	7
	300	1	10	0.002	0.05	0.004	0
  1CHA	32	1	1
	1

1FOB	3	0	0.57
  1FQ0	32	1	1
	110
  1FOF	32	1	7
	300	1	10	0.002	0.05	0.004	0
  1CHA	32	1	1
	1

1FOB	3	0	0.58
  1FQ0	32	1	1
	110
  1FOF	32	1	7
	300	1	10	0.002	0.05	0.004	0
  1CHA	32	1	1
	1

1FOB	3	0	0.59
  1FQ0	32	1	1
	110
  1FOF	32	1	7
	300	1	10	0.002	0.05	0.004	0
  1CHA	32	1	1
	1

1FOB	3	0	0.6
  1FQ0	32	1	1
	110
  1FOF	32	1	7
	300	1	10	0.002	0.05	0.004	0
  1CHA	32	1	1
	1

1FOB	3	0	0.61
  1FQ0	32	1	1
	110
  1FOF	32	1	7
	300	1	10	0.002	0.05	0.004	0
  1CHA	32	1	1
	1

1FOB	3	0	0.620001
  1FQ0	32	1	1
	110
  1FOF	32	1	7
	300	1	10	0.002	0.05	0.004	0
  1CHA	32	1	1
	1

1FOB	3	0	0.63
  1FQ0	32	1	1
	110
  1FOF	32	1	7
	300	1	10	0.002	0.05	0.004	0
  1CHA	32	1	1
	1

1FOB	3	0	0.64
  1FQ0	32	1	1
	110
  1FOF	32	1	7
	300	1	10	0.002	0.05	0.004	0
  1CHA	32	1	1
	1

1FOB	3	0	0.65
  1FQ0	32	1	1
	110
  1FOF	32	1	7
	300	1	10	0.002	0.05	0.004	0
  1CHA	32	1	1
	1

1FOB	3	0	0.66
  1FQ0	32	1	1
	110
  1FOF	32	1	7
	300	1	10	0.002	0.05	0.004	0
  1CHA	32	1	1
	1

1FOB	3	0	0.67
  1FQ0	32	1	1
	110
  1FOF	32	1	7
	300	1	10	0.002	0.05	0.004	0
  1CHA	32	1	1
	1

1FOB	3	0	0.68
  1FQ0	32	1	1
	110
  1FOF	32	1	7
	300	1	10	0.002	0.05	0.004	0
  1CHA	32	1	1
	1

1FOB	3	0	0.69
  1FQ0	32	1	1
	110
  1FOF	32	1	7
	300	1	10	0.002	0.05	0.004	0
  1CHA	32	1	1
	1

1FOB	3	0	0.7
  1FQ0	32	1	1
	110
  1FOF	32	1	7
	300	1	10	0.002	0.05	0.004	0
  1CHA	32	1	1
	1

1FOB	3	0	0.71
  1FQ0	32	1	1
	110
  1FOF	32	1	7
	300	1	10	0.002	0.05	0.004	0
  1CHA	32	1	1
	1

1FOB	3	0	0.720366
  1FQ0	32	1	1
	110
  1FOF	32	1	7
	300	1	10	0.002	0.05	0.004	0
  1CHA	32	1	1
	1

1FOB	3	0	0.73
  1FQ0	32	1	1
	110
  1FOF	32	1	7
	300	1	10	0.002	0.05	0.004	0
  1CHA	32	1	1
	1

1FOB	3	0	0.74
  1FQ0	32	1	1
	110
  1FOF	32	1	7
	300	1	10	0.002	0.05	0.004	0
  1CHA	32	1	1
	1

1FOB	3	0	0.75
  1FQ0	32	1	1
	110
  1FOF	32	1	7
	300	1	10	0.002	0.05	0.004	0
  1CHA	32	1	1
	1

1FOB	3	0	0.76
  1FQ0	32	1	1
	110
  1FOF	32	1	7
	300	1	10	0.002	0.05	0.004	0
  1CHA	32	1	1
	1

1FOB	3	0	0.77
  1FQ0	32	1	1
	110
  1FOF	32	1	7
	300	1	10	0.002	0.05	0.004	0
  1CHA	32	1	1
	1

1FOB	3	0	0.78
  1FQ0	32	1	1
	110
  1FOF	32	1	7
	300	1	10	0.002	0.05	0.004	0
  1CHA	32	1	1
	1

1FOB	3	0	0.79
  1FQ0	32	1	1
	110
  1FOF	32	1	7
	300	1	10	0.002	0.05	0.004	0
  1CHA	32	1	1
	1

1FOB	3	0	0.8
  1FQ0	32	1	1
	110
  1FOF	32	1	7
	300	1	10	0.002	0.05	0.004	0
  1CHA	32	1	1
	1

1FOB	3	0	0.81
  1FQ0	32	1	1
	110
  1FOF	32	1	7
	300	1	10	0.002	0.05	0.004	0
  1CHA	32	1	1
	1

1FOB	3	0	0.82
  1FQ0	32	1	1
	110
  1FOF	32	1	7
	300	1	10	0.002	0.05	0.004	0
  1CHA	32	1	1
	1

1FOB	3	0	0.83
  1FQ0	32	1	1
	110
  1FOF	32	1	7
	300	1	10	0.002	0.05	0.004	0
  1CHA	32	1	1
	1

1FOB	3	0	0.84
  1FQ0	32	1	1
	110
  1FOF	32	1	7
	300	1	10	0.002	0.05	0.004	0
  1CHA	32	1	1
	1

1FOB	3	0	0.85
  1FQ0	32	1	1
	110
  1FOF	32	1	7
	300	1	10	0.002	0.05	0.004	0
  1CHA	32	1	1
	1

1FOB	3	0	0.86
  1FQ0	32	1	1
	110
  1FOF	32	1	7
	300	1	10	0.002	0.05	0.004	0
  1CHA	32	1	1
	1

1FOB	3	0	0.870001
  1FQ0	32	1	1
	110
  1FOF	32	1	7
	300	1	10	0.002	0.05	0.004	0
  1CHA	32	1	1
	1

1FOB	3	0	0.88
  1FQ0	32	1	1
	110
  1FOF	32	1	7
	300	1	10	0.002	0.05	0.004	0
  1CHA	32	1	1
	1

1FOB	3	0	0.89
  1FQ0	32	1	1
	110
  1FOF	32	1	7
	300	1	10	0.002	0.05	0.004	0
  1CHA	32	1	1
	1

1FOB	3	0	0.9
  1FQ0	32	1	1
	110
  1FOF	32	1	7
	300	1	10	0.002	0.05	0.004	0
  1CHA	32	1	1
	1

1FOB	3	0	0.91
  1FQ0	32	1	1
	110
  1FOF	32	1	7
	300	1	10	0.002	0.05	0.004	0
  1CHA	32	1	1
	1

1FOB	3	0	0.92
  1FQ0	32	1	1
	110
  1FOF	32	1	7
	300	1	10	0.002	0.05	0.004	0
  1CHA	32	1	1
	1

1FOB	3	0	0.93
  1FQ0	32	1	1
	110
  1FOF	32	1	7
	300	1	10	0.002	0.05	0.004	0
  1CHA	32	1	1
	1

1FOB	3	0	0.94
  1FQ0	32	1	1
	110
  1FOF	32	1	7
	300	1	10	0.002	0.05	0.004	0
  1CHA	32	1	1
	1

1FOB	3	0	0.95
  1FQ0	32	1	1
	110
  1FOF	32	1	7
	300	1	10	0.002	0.05	0.004	0
  1CHA	32	1	1
	1

1FOB	3	0	0.96
  1FQ0	32	1	1
	110
  1FOF	32	1	7
	300	1	10	0.002	0.05	0.004	0
  1CHA	32	1	1
	1

1FOB	3	0	0.970366
  1FQ0	32	1	1
	110
  1FOF	32	1	7
	300	1	10	0.002	0.05	0.004	0
  1CHA	32	1	1
	1

1FOB	3	0	0.98
  1FQ0	32	1	1
	110
  1FOF	32	1	7
	300	1	10	0.002	0.05	0.004	0
  1CHA	32	1	1
	1

1FOB	3	0	0.99
  1FQ0	32	1	1
	110
  1FOF	32	1	7
	300	1	10	0.002	0.05	0.004	0
  1CHA	32	1	1
	1

1FOB	3	0	1
  1FQ0	32	1	1
	110
  1FOF	32	1	7
	300	1	10	0.002	0.05	0.004	0
  1CHA	32	1	1
	1

1FOB	3	0	1.01
  1FQ0	32	1	1
	110
  1FOF	32	1	7
	300	1	10	0.002	0.05	0.004	0
  1CHA	32	1	1
	1

1FOB	3	0	1.02
  1FQ0	32	1	1
	110
  1FOF	32	1	7
	300	1	10	0.002	0.05	0.004	0
  1CHA	32	1	1
	1

1FOB	3	0	1.03
  1FQ0	32	1	1
	110
  1FOF	32	1	7
	300	1	10	0.002	0.05	0.004	0
  1CHA	32	1	1
	1

1FOB	3	0	1.04
  1FQ0	32	1	1
	110
  1FOF	32	1	7
	300	1	10	0.002	0.05	0.004	0
  1CHA	32	1	1
	1

1FOB	3	0	1.05
  1FQ0	32	1	1
	110
  1FOF	32	1	7
	300	1	10	0.002	0.05	0.004	0
  1CHA	32	1	1
	1

1FOB	3	0	1.06
  1FQ0	32	1	1
	110
  1FOF	32	1	7
	300	1	10	0.002	0.05	0.004	0
  1CHA	32	1	1
	1

1FOB	3	0	1.07
  1FQ0	32	1	1
	110
  1FOF	32	1	7
	300	1	10	0.002	0.05	0.004	0
  1CHA	32	1	1
	1

1FOB	3	0	1.08
  1FQ0	32	1	1
	110
  1FOF	32	1	7
	300	1	10	0.002	0.05	0.004	0
  1CHA	32	1	1
	1

1FOB	3	0	1.09
  1FQ0	32	1	1
	110
  1FOF	32	1	7
	300	1	10	0.002	0.05	0.004	0
  1CHA	32	1	1
	1

1FOB	3	0	1.1
  1FQ0	32	1	1
	110
  1FOF	32	1	7
	300	1	10	0.002	0.05	0.004	0
  1CHA	32	1	1
	1

1FOB	3	0	1.11
  1FQ0	32	1	1
	110
  1FOF	32	1	7
	300	1	10	0.002	0.05	0.004	0
  1CHA	32	1	1
	1

1FOB	3	0	1.12
  1FQ0	32	1	1
	110
  1FOF	32	1	7
	300	1	10	0.002	0.05	0.004	0
  1CHA	32	1	1
	1

1FOB	3	0	1.13
  1FQ0	32	1	1
	110
  1FOF	32	1	7
	300	1	10	0.002	0.05	0.004	0
  1CHA	32	1	1
	1

1FOB	3	0	1.14
  1FQ0	32	1	1
	110
  1FOF	32	1	7
	300	1	10	0.002	0.05	0.004	0
  1CHA	32	1	1
	1

1FOB	3	0	1.15
  1FQ0	32	1	1
	110
  1FOF	32	1	7
	300	1	10	0.002	0.05	0.004	0
  1CHA	32	1	1
	1

1FOB	3	0	1.16
  1FQ0	32	1	1
	110
  1FOF	32	1	7
	300	1	10	0.002	0.05	0.004	0
  1CHA	32	1	1
	1

1FOB	3	0	1.17
  1FQ0	32	1	1
	110
  1FOF	32	1	7
	300	1	10	0.002	0.05	0.004	0
  1CHA	32	1	1
	1

1FOB	3	0	1.18
  1FQ0	32	1	1
	110
  1FOF	32	1	7
	300	1	10	0.002	0.05	0.004	0
  1CHA	32	1	1
	1

1FOB	3	0	1.19073
  1FQ0	32	1	1
	110
  1FOF	32	1	7
	300	1	10	0.002	0.05	0.004	0
  1CHA	32	1	1
	1

1FOB	3	0	1.2
  1FQ0	32	1	1
	110
  1FOF	32	1	7
	300	1	10	0.002	0.05	0.004	0
  1CHA	32	1	1
	1

1FOB	3	0	1.21
  1FQ0	32	1	1
	110
  1FOF	32	1	7
	300	1	10	0.002	0.05	0.004	0
  1CHA	32	1	1
	1

1FOB	3	0	1.22
  1FQ0	32	1	1
	110
  1FOF	32	1	7
	300	1	10	0.002	0.05	0.004	0
  1CHA	32	1	1
	1

1FOB	3	0	1.23
  1FQ0	32	1	1
	110
  1FOF	32	1	7
	300	1	10	0.002	0.05	0.004	0
  1CHA	32	1	1
	1

1FOB	3	0	1.24
  1FQ0	32	1	1
	110
  1FOF	32	1	7
	300	1	10	0.002	0.05	0.004	0
  1CHA	32	1	1
	1

1FOB	3	0	1.25
  1FQ0	32	1	1
	110
  1FOF	32	1	7
	300	1	10	0.002	0.05	0.004	0
  1CHA	32	1	1
	1

1FOB	3	0	1.26
  1FQ0	32	1	1
	110
  1FOF	32	1	7
	300	1	10	0.002	0.05	0.004	0
  1CHA	32	1	1
	1

1FOB	3	0	1.27
  1FQ0	32	1	1
	110
  1FOF	32	1	7
	300	1	10	0.002	0.05	0.004	0
  1CHA	32	1	1
	1

1FOB	3	0	1.28
  1FQ0	32	1	1
	110
  1FOF	32	1	7
	300	1	10	0.002	0.05	0.004	0
  1CHA	32	1	1
	1

1FOB	3	0	1.29
  1FQ0	32	1	1
	110
  1FOF	32	1	7
	300	1	10	0.002	0.05	0.004	0
  1CHA	32	1	1
	1

1FOB	3	0	1.3
  1FQ0	32	1	1
	110
  1FOF	32	1	7
	300	1	10	0.002	0.05	0.004	0
  1CHA	32	1	1
	1

1FOB	3	0	1.31
  1FQ0	32	1	1
	110
  1FOF	32	1	7
	300	1	10	0.002	0.05	0.004	0
  1CHA	32	1	1
	1

1FOB	3	0	1.32
  1FQ0	32	1	1
	110
  1FOF	32	1	7
	300	1	10	0.002	0.05	0.004	0
  1CHA	32	1	1
	1

1FOB	3	0	1.33
  1FQ0	32	1	1
	110
  1FOF	32	1	7
	300	1	10	0.002	0.05	0.004	0
  1CHA	32	1	1
	1

1FOB	3	0	1.34
  1FQ0	32	1	1
	110
  1FOF	32	1	7
	300	1	10	0.002	0.05	0.004	0
  1CHA	32	1	1
	1

1FOB	3	0	1.35
  1FQ0	32	1	1
	110
  1FOF	32	1	7
	300	1	10	0.002	0.05	0.004	0
  1CHA	32	1	1
	1

1FOB	3	0	1.36
  1FQ0	32	1	1
	110
  1FOF	32	1	7
	300	1	10	0.002	0.05	0.004	0
  1CHA	32	1	1
	1

1FOB	3	0	1.37
  1FQ0	32	1	1
	110
  1FOF	32	1	7
	300	1	10	0.002	0.05	0.004	0
  1CHA	32	1	1
	1

1FOB	3	0	1.38
  1FQ0	32	1	1
	110
  1FOF	32	1	7
	300	1	10	0.002	0.05	0.004	0
  1CHA	32	1	1
	1

1FOB	3	0	1.39
  1FQ0	32	1	1
	110
  1FOF	32	1	7
	300	1	10	0.002	0.05	0.004	0
  1CHA	32	1	1
	1

1FOB	3	0	1.4
  1FQ0	32	1	1
	110
  1FOF	32	1	7
	300	1	10	0.002	0.05	0.004	0
  1CHA	32	1	1
	1

1FOB	3	0	1.41
  1FQ0	32	1	1
	110
  1FOF	32	1	7
	300	1	10	0.002	0.05	0.004	0
  1CHA	32	1	1
	1

1FOB	3	0	1.42
  1FQ0	32	1	1
	110
  1FOF	32	1	7
	300	1	10	0.002	0.05	0.004	0
  1CHA	32	1	1
	1

1FOB	3	0	1.43
  1FQ0	32	1	1
	110
  1FOF	32	1	7
	300	1	10	0.002	0.05	0.004	0
  1CHA	32	1	1
	1

1FOB	3	0	1.44073
  1FQ0	32	1	1
	110
  1FOF	32	1	7
	300	1	10	0.002	0.05	0.004	0
  1CHA	32	1	1
	1

1FOB	3	0	1.45
  1FQ0	32	1	1
	110
  1FOF	32	1	7
	300	1	10	0.002	0.05	0.004	0
  1CHA	32	1	1
	1

1FOB	3	0	1.46
  1FQ0	32	1	1
	110
  1FOF	32	1	7
	300	1	10	0.002	0.05	0.004	0
  1CHA	32	1	1
	1

1FOB	3	0	1.47
  1FQ0	32	1	1
	110
  1FOF	32	1	7
	300	1	10	0.002	0.05	0.004	0
  1CHA	32	1	1
	1

1FOB	3	0	1.48
  1FQ0	32	1	1
	110
  1FOF	32	1	7
	300	1	10	0.002	0.05	0.004	0
  1CHA	32	1	1
	1

1FOB	3	0	1.49
  1FQ0	32	1	1
	110
  1FOF	32	1	7
	300	1	10	0.002	0.05	0.004	0
  1CHA	32	1	1
	1

1FOB	3	0	1.5
  1FQ0	32	1	1
	110
  1FOF	32	1	7
	300	1	10	0.002	0.05	0.004	0
  1CHA	32	1	1
	1

1FOB	3	0	1.51
  1FQ0	32	1	1
	110
  1FOF	32	1	7
	300	1	10	0.002	0.05	0.004	0
  1CHA	32	1	1
	1

1FOB	3	0	1.52
  1FQ0	32	1	1
	110
  1FOF	32	1	7
	300	1	10	0.002	0.05	0.004	0
  1CHA	32	1	1
	1

1FOB	3	0	1.53
  1FQ0	32	1	1
	110
  1FOF	32	1	7
	300	1	10	0.002	0.05	0.004	0
  1CHA	32	1	1
	1

1FOB	3	0	1.54
  1FQ0	32	1	1
	110
  1FOF	32	1	7
	300	1	10	0.002	0.05	0.004	0
  1CHA	32	1	1
	1

1FOB	3	0	1.55
  1FQ0	32	1	1
	110
  1FOF	32	1	7
	300	1	10	0.002	0.05	0.004	0
  1CHA	32	1	1
	1

1FOB	3	0	1.56
  1FQ0	32	1	1
	110
  1FOF	32	1	7
	300	1	10	0.002	0.05	0.004	0
  1CHA	32	1	1
	1

1FOB	3	0	1.57
  1FQ0	32	1	1
	110
  1FOF	32	1	7
	300	1	10	0.002	0.05	0.004	0
  1CHA	32	1	1
	1

1FOB	3	0	1.58
  1FQ0	32	1	1
	110
  1FOF	32	1	7
	300	1	10	0.002	0.05	0.004	0
  1CHA	32	1	1
	1

1FOB	3	0	1.59
  1FQ0	32	1	1
	110
  1FOF	32	1	7
	300	1	10	0.002	0.05	0.004	0
  1CHA	32	1	1
	1

1FOB	3	0	1.6
  1FQ0	32	1	1
	110
  1FOF	32	1	7
	300	1	10	0.002	0.05	0.004	0
  1CHA	32	1	1
	1

1FOB	3	0	1.61
  1FQ0	32	1	1
	110
  1FOF	32	1	7
	300	1	10	0.002	0.05	0.004	0
  1CHA	32	1	1
	1

1FOB	3	0	1.62
  1FQ0	32	1	1
	110
  1FOF	32	1	7
	300	1	10	0.002	0.05	0.004	0
  1CHA	32	1	1
	1

1FOB	3	0	1.63
  1FQ0	32	1	1
	110
  1FOF	32	1	7
	300	1	10	0.002	0.05	0.004	0
  1CHA	32	1	1
	1

1FOB	3	0	1.64
  1FQ0	32	1	1
	110
  1FOF	32	1	7
	300	1	10	0.002	0.05	0.004	0
  1CHA	32	1	1
	1

1FOB	3	0	1.65
  1FQ0	32	1	1
	110
  1FOF	32	1	7
	300	1	10	0.002	0.05	0.004	0
  1CHA	32	1	1
	1

1FOB	3	0	1.66
  1FQ0	32	1	1
	110
  1FOF	32	1	7
	300	1	10	0.002	0.05	0.004	0
  1CHA	32	1	1
	1

1FOB	3	0	1.67
  1FQ0	32	1	1
	110
  1FOF	32	1	7
	300	1	10	0.002	0.05	0.004	0
  1CHA	32	1	1
	1

1FOB	3	0	1.68
  1FQ0	32	1	1
	110
  1FOF	32	1	7
	300	1	10	0.002	0.05	0.004	0
  1CHA	32	1	1
	1

1FOB	3	0	1.69073
  1FQ0	32	1	1
	110
  1FOF	32	1	7
	300	1	10	0.002	0.05	0.004	0
  1CHA	32	1	1
	1

1FOB	3	0	1.7
  1FQ0	32	1	1
	110
  1FOF	32	1	7
	300	1	10	0.002	0.05	0.004	0
  1CHA	32	1	1
	1

1FOB	3	0	1.71
  1FQ0	32	1	1
	110
  1FOF	32	1	7
	300	1	10	0.002	0.05	0.004	0
  1CHA	32	1	1
	1

1FOB	3	0	1.72
  1FQ0	32	1	1
	110
  1FOF	32	1	7
	300	1	10	0.002	0.05	0.004	0
  1CHA	32	1	1
	1

1FOB	3	0	1.73
  1FQ0	32	1	1
	110
  1FOF	32	1	7
	300	1	10	0.002	0.05	0.004	0
  1CHA	32	1	1
	1

1FOB	3	0	1.74
  1FQ0	32	1	1
	110
  1FOF	32	1	7
	300	1	10	0.002	0.05	0.004	0
  1CHA	32	1	1
	1

1FOB	3	0	1.75
  1FQ0	32	1	1
	110
  1FOF	32	1	7
	300	1	10	0.002	0.05	0.004	0
  1CHA	32	1	1
	1

1FOB	3	0	1.76
  1FQ0	32	1	1
	110
  1FOF	32	1	7
	300	1	10	0.002	0.05	0.004	0
  1CHA	32	1	1
	1

1FOB	3	0	1.77
  1FQ0	32	1	1
	110
  1FOF	32	1	7
	300	1	10	0.002	0.05	0.004	0
  1CHA	32	1	1
	1

1FOB	3	0	1.78
  1FQ0	32	1	1
	110
  1FOF	32	1	7
	300	1	10	0.002	0.05	0.004	0
  1CHA	32	1	1
	1

1FOB	3	0	1.79
  1FQ0	32	1	1
	110
  1FOF	32	1	7
	300	1	10	0.002	0.05	0.004	0
  1CHA	32	1	1
	1

1FOB	3	0	1.8
  1FQ0	32	1	1
	110
  1FOF	32	1	7
	300	1	10	0.002	0.05	0.004	0
  1CHA	32	1	1
	1

1FOB	3	0	1.81
  1FQ0	32	1	1
	110
  1FOF	32	1	7
	300	1	10	0.002	0.05	0.004	0
  1CHA	32	1	1
	1

1FOB	3	0	1.82
  1FQ0	32	1	1
	110
  1FOF	32	1	7
	300	1	10	0.002	0.05	0.004	0
  1CHA	32	1	1
	1

1FOB	3	0	1.83
  1FQ0	32	1	1
	110
  1FOF	32	1	7
	300	1	10	0.002	0.05	0.004	0
  1CHA	32	1	1
	1

1FOB	3	0	1.84
  1FQ0	32	1	1
	110
  1FOF	32	1	7
	300	1	10	0.002	0.05	0.004	0
  1CHA	32	1	1
	1

1FOB	3	0	1.85
  1FQ0	32	1	1
	110
  1FOF	32	1	7
	300	1	10	0.002	0.05	0.004	0
  1CHA	32	1	1
	1

1FOB	3	0	1.86
  1FQ0	32	1	1
	110
  1FOF	32	1	7
	300	1	10	0.002	0.05	0.004	0
  1CHA	32	1	1
	1

1FOB	3	0	1.87
  1FQ0	32	1	1
	110
  1FOF	32	1	7
	300	1	10	0.002	0.05	0.004	0
  1CHA	32	1	1
	1

1FOB	3	0	1.88
  1FQ0	32	1	1
	110
  1FOF	32	1	7
	300	1	10	0.002	0.05	0.004	0
  1CHA	32	1	1
	1

1FOB	3	0	1.89
  1FQ0	32	1	1
	110
  1FOF	32	1	7
	300	1	10	0.002	0.05	0.004	0
  1CHA	32	1	1
	1

1FOB	3	0	1.9
  1FQ0	32	1	1
	110
  1FOF	32	1	7
	300	1	10	0.002	0.05	0.004	0
  1CHA	32	1	1
	1

1FOB	3	0	1.91
  1FQ0	32	1	1
	110
  1FOF	32	1	7
	300	1	10	0.002	0.05	0.004	0
  1CHA	32	1	1
	1

1FOB	3	0	1.92
  1FQ0	32	1	1
	110
  1FOF	32	1	7
	300	1	10	0.002	0.05	0.004	0
  1CHA	32	1	1
	1

1FOB	3	0	1.93
  1FQ0	32	1	1
	110
  1FOF	32	1	7
	300	1	10	0.002	0.05	0.004	0
  1CHA	32	1	1
	1

1FOB	3	0	1.94073
  1FQ0	32	1	1
	110
  1FOF	32	1	7
	300	1	10	0.002	0.05	0.004	0
  1CHA	32	1	1
	1

1FOB	3	0	1.95
  1FQ0	32	1	1
	110
  1FOF	32	1	7
	300	1	10	0.002	0.05	0.004	0
  1CHA	32	1	1
	1

1FOB	3	0	1.96
  1FQ0	32	1	1
	110
  1FOF	32	1	7
	300	1	10	0.002	0.05	0.004	0
  1CHA	32	1	1
	1

1FOB	3	0	1.97
  1FQ0	32	1	1
	110
  1FOF	32	1	7
	300	1	10	0.002	0.05	0.004	0
  1CHA	32	1	1
	1

1FOB	3	0	1.98
  1FQ0	32	1	1
	110
  1FOF	32	1	7
	300	1	10	0.002	0.05	0.004	0
  1CHA	32	1	1
	1

1FOB	3	0	1.99
  1FQ0	32	1	1
	110
  1FOF	32	1	7
	300	1	10	0.002	0.05	0.004	0
  1CHA	32	1	1
	1

1FOB	3	0	2
  1FQ0	32	1	1
	110
  1FOF	32	1	7
	300	1	10	0.002	0.05	0.004	0
  1CHA	32	1	1
	1

1FOB	3	0	2.01
  1FQ0	32	1	1
	110
  1FOF	32	1	7
	300	1	10	0.002	0.05	0.004	0
  1CHA	32	1	1
	1

1FOB	3	0	2.02
  1FQ0	32	1	1
	110
  1FOF	32	1	7
	300	1	10	0.002	0.05	0.004	0
  1CHA	32	1	1
	1

1FOB	3	0	2.03
  1FQ0	32	1	1
	110
  1FOF	32	1	7
	300	1	10	0.002	0.05	0.004	0
  1CHA	32	1	1
	1

1FOB	3	0	2.04
  1FQ0	32	1	1
	110
  1FOF	32	1	7
	300	1	10	0.002	0.05	0.004	0
  1CHA	32	1	1
	1

1FOB	3	0	2.05
  1FQ0	32	1	1
	110
  1FOF	32	1	7
	300	1	10	0.002	0.05	0.004	0
  1CHA	32	1	1
	1

1FOB	3	0	2.06
  1FQ0	32	1	1
	110
  1FOF	32	1	7
	300	1	10	0.002	0.05	0.004	0
  1CHA	32	1	1
	1

1FOB	3	0	2.07
  1FQ0	32	1	1
	110
  1FOF	32	1	7
	300	1	10	0.002	0.05	0.004	0
  1CHA	32	1	1
	1

1FOB	3	0	2.08
  1FQ0	32	1	1
	110
  1FOF	32	1	7
	300	1	10	0.002	0.05	0.004	0
  1CHA	32	1	1
	1

1FOB	3	0	2.09
  1FQ0	32	1	1
	110
  1FOF	32	1	7
	300	1	10	0.002	0.05	0.004	0
  1CHA	32	1	1
	1

1FOB	3	0	2.1
  1FQ0	32	1	1
	110
  1FOF	32	1	7
	300	1	10	0.002	0.05	0.004	0
  1CHA	32	1	1
	1

1FOB	3	0	2.11
  1FQ0	32	1	1
	110
  1FOF	32	1	7
	300	1	10	0.002	0.05	0.004	0
  1CHA	32	1	1
	1

1FOB	3	0	2.12
  1FQ0	32	1	1
	110
  1FOF	32	1	7
	300	1	10	0.002	0.05	0.004	0
  1CHA	32	1	1
	1

1FOB	3	0	2.13146
  1FQ0	32	1	1
	110
  1FOF	32	1	7
	300	1	10	0.002	0.05	0.004	0
  1CHA	32	1	1
	1

1FOB	3	0	2.14
  1FQ0	32	1	1
	110
  1FOF	32	1	7
	300	1	10	0.002	0.05	0.004	0
  1CHA	32	1	1
	1

1FOB	3	0	2.15
  1FQ0	32	1	1
	110
  1FOF	32	1	7
	300	1	10	0.002	0.05	0.004	0
  1CHA	32	1	1
	1

1FOB	3	0	2.16
  1FQ0	32	1	1
	110
  1FOF	32	1	7
	300	1	10	0.002	0.05	0.004	0
  1CHA	32	1	1
	1

1FOB	3	0	2.17
  1FQ0	32	1	1
	110
  1FOF	32	1	7
	300	1	10	0.002	0.05	0.004	0
  1CHA	32	1	1
	1

1FOB	3	0	2.18
  1FQ0	32	1	1
	110
  1FOF	32	1	7
	300	1	10	0.002	0.05	0.004	0
  1CHA	32	1	1
	1

1FOB	3	0	2.19
  1FQ0	32	1	1
	110
  1FOF	32	1	7
	300	1	10	0.002	0.05	0.004	0
  1CHA	32	1	1
	1

1FOB	3	0	2.2
  1FQ0	32	1	1
	110
  1FOF	32	1	7
	300	1	10	0.002	0.05	0.004	0
  1CHA	32	1	1
	1

1FOB	3	0	2.21
  1FQ0	32	1	1
	110
  1FOF	32	1	7
	300	1	10	0.002	0.05	0.004	0
  1CHA	32	1	1
	1

1FOB	3	0	2.22
  1FQ0	32	1	1
	110
  1FOF	32	1	7
	300	1	10	0.002	0.05	0.004	0
  1CHA	32	1	1
	1

1FOB	3	0	2.23001
  1FQ0	32	1	1
	110
  1FOF	32	1	7
	300	1	10	0.002	0.05	0.004	0
  1CHA	32	1	1
	1

1FOB	3	0	2.24
  1FQ0	32	1	1
	110
  1FOF	32	1	7
	300	1	10	0.002	0.05	0.004	0
  1CHA	32	1	1
	1

1FOB	3	0	2.25
  1FQ0	32	1	1
	110
  1FOF	32	1	7
	300	1	10	0.002	0.05	0.004	0
  1CHA	32	1	1
	1

1FOB	3	0	2.26
  1FQ0	32	1	1
	110
  1FOF	32	1	7
	300	1	10	0.002	0.05	0.004	0
  1CHA	32	1	1
	1

1FOB	3	0	2.27
  1FQ0	32	1	1
	110
  1FOF	32	1	7
	300	1	10	0.002	0.05	0.004	0
  1CHA	32	1	1
	1

1FOB	3	0	2.28
  1FQ0	32	1	1
	110
  1FOF	32	1	7
	300	1	10	0.002	0.05	0.004	0
  1CHA	32	1	1
	1

1FOB	3	0	2.29
  1FQ0	32	1	1
	110
  1FOF	32	1	7
	300	1	10	0.002	0.05	0.004	0
  1CHA	32	1	1
	1

1FOB	3	0	2.3
  1FQ0	32	1	1
	110
  1FOF	32	1	7
	300	1	10	0.002	0.05	0.004	0
  1CHA	32	1	1
	1

1FOB	3	0	2.31
  1FQ0	32	1	1
	110
  1FOF	32	1	7
	300	1	10	0.002	0.05	0.004	0
  1CHA	32	1	1
	1

1FOB	3	0	2.32
  1FQ0	32	1	1
	110
  1FOF	32	1	7
	300	1	10	0.002	0.05	0.004	0
  1CHA	32	1	1
	1

1FOB	3	0	2.33
  1FQ0	32	1	1
	110
  1FOF	32	1	7
	300	1	10	0.002	0.05	0.004	0
  1CHA	32	1	1
	1

1FOB	3	0	2.34
  1FQ0	32	1	1
	110
  1FOF	32	1	7
	300	1	10	0.002	0.05	0.004	0
  1CHA	32	1	1
	1

1FOB	3	0	2.35
  1FQ0	32	1	1
	110
  1FOF	32	1	7
	300	1	10	0.002	0.05	0.004	0
  1CHA	32	1	1
	1

1FOB	3	0	2.36
  1FQ0	32	1	1
	110
  1FOF	32	1	7
	300	1	10	0.002	0.05	0.004	0
  1CHA	32	1	1
	1

1FOB	3	0	2.37
  1FQ0	32	1	1
	110
  1FOF	32	1	7
	300	1	10	0.002	0.05	0.004	0
  1CHA	32	1	1
	1

1FOB	3	0	2.38146
  1FQ0	32	1	1
	110
  1FOF	32	1	7
	300	1	10	0.002	0.05	0.004	0
  1CHA	32	1	1
	1

1FOB	3	0	2.39
  1FQ0	32	1	1
	110
  1FOF	32	1	7
	300	1	10	0.002	0.05	0.004	0
  1CHA	32	1	1
	1

1FOB	3	0	2.4
  1FQ0	32	1	1
	110
  1FOF	32	1	7
	300	1	10	0.002	0.05	0.004	0
  1CHA	32	1	1
	1

1FOB	3	0	2.41
  1FQ0	32	1	1
	110
  1FOF	32	1	7
	300	1	10	0.002	0.05	0.004	0
  1CHA	32	1	1
	1

1FOB	3	0	2.42
  1FQ0	32	1	1
	110
  1FOF	32	1	7
	300	1	10	0.002	0.05	0.004	0
  1CHA	32	1	1
	1

1FOB	3	0	2.43
  1FQ0	32	1	1
	110
  1FOF	32	1	7
	300	1	10	0.002	0.05	0.004	0
  1CHA	32	1	1
	1

1FOB	3	0	2.44
  1FQ0	32	1	1
	110
  1FOF	32	1	7
	300	1	10	0.002	0.05	0.004	0
  1CHA	32	1	1
	1

1FOB	3	0	2.45
  1FQ0	32	1	1
	110
  1FOF	32	1	7
	300	1	10	0.002	0.05	0.004	0
  1CHA	32	1	1
	1

1FOB	3	0	2.46
  1FQ0	32	1	1
	110
  1FOF	32	1	7
	300	1	10	0.002	0.05	0.004	0
  1CHA	32	1	1
	1

1FOB	3	0	2.47
  1FQ0	32	1	1
	110
  1FOF	32	1	7
	300	1	10	0.002	0.05	0.004	0
  1CHA	32	1	1
	1

1FOB	3	0	2.48001
  1FQ0	32	1	1
	110
  1FOF	32	1	7
	300	1	10	0.002	0.05	0.004	0
  1CHA	32	1	1
	1

1FOB	3	0	2.49
  1FQ0	32	1	1
	110
  1FOF	32	1	7
	300	1	10	0.002	0.05	0.004	0
  1CHA	32	1	1
	1

1FOB	3	0	2.5
  1FQ0	32	1	1
	110
  1FOF	32	1	7
	300	1	10	0.002	0.05	0.004	0
  1CHA	32	1	1
	1

1FOB	3	0	2.51
  1FQ0	32	1	1
	110
  1FOF	32	1	7
	300	1	10	0.002	0.05	0.004	0
  1CHA	32	1	1
	1

1FOB	3	0	2.52
  1FQ0	32	1	1
	110
  1FOF	32	1	7
	300	1	10	0.002	0.05	0.004	0
  1CHA	32	1	1
	1

1FOB	3	0	2.53
  1FQ0	32	1	1
	110
  1FOF	32	1	7
	300	1	10	0.002	0.05	0.004	0
  1CHA	32	1	1
	1

1FOB	3	0	2.54
  1FQ0	32	1	1
	110
  1FOF	32	1	7
	300	1	10	0.002	0.05	0.004	0
  1CHA	32	1	1
	1

1FOB	3	0	2.55
  1FQ0	32	1	1
	110
  1FOF	32	1	7
	300	1	10	0.002	0.05	0.004	0
  1CHA	32	1	1
	1

1FOB	3	0	2.56
  1FQ0	32	1	1
	110
  1FOF	32	1	7
	300	1	10	0.002	0.05	0.004	0
  1CHA	32	1	1
	1

1FOB	3	0	2.57
  1FQ0	32	1	1
	110
  1FOF	32	1	7
	300	1	10	0.002	0.05	0.004	0
  1CHA	32	1	1
	1

ENDC

ENDF

